1
merik@karman.name: sendir,2:1,2,38000,1,1,341,170,21,21,22,63,21,21,21,21,21,21,21,21,21,21,21,21,22,63,21,21,22,63,22,63,22,63,22,63,22,63,22,63,22,63,21,21,21,21,21,21,21,21,21,21,22,63,22,63,21,21,22,63,22,63,22,63,22,63,22,63,21,21,21,21,21,758
merik@karman.name: 2
merik@karman.name: sendir,2:1,3,38000,1,1,342,169,22,20,21,64,22,20,22,20,22,20,22,20,22,20,22,20,21,64,22,20,21,64,21,64,21,64,21,64,21,64,21,64,22,20,21,64,22,20,22,20,22,20,22,20,21,64,21,64,21,64,22,20,21,64,21,64,21,64,21,64,22,20,22,20,22,758
merik@karman.name: 3
merik@karman.name: sendir,2:1,4,38000,1,1,341,170,21,20,22,63,21,20,21,20,21,20,21,20,21,20,21,20,22,63,21,20,22,63,22,63,22,63,22,63,22,63,22,63,22,63,22,63,21,20,21,20,21,20,21,20,22,63,22,63,21,20,21,20,22,63,22,63,22,63,22,63,21,20,21,20,21,761
merik@karman.name: 4
merik@karman.name: sendir,2:1,5,38000,1,1,341,170,21,20,22,63,21,20,21,20,21,20,21,20,21,20,21,20,22,63,21,20,22,63,22,63,22,63,22,63,22,63,22,63,21,20,21,20,22,63,21,20,21,20,21,20,22,63,22,63,22,63,22,63,21,20,22,63,22,63,22,63,21,20,21,20,21,761
merik@karman.name: #
merik@karman.name: sendir,2:1,6,38000,1,1,342,169,22,20,21,64,22,20,22,20,22,20,22,20,22,20,22,20,21,64,22,20,21,64,21,64,21,64,21,64,21,64,21,64,22,20,22,20,21,64,21,64,22,20,22,20,21,64,21,64,21,64,21,64,22,20,22,20,21,64,21,64,22,20,22,20,22,761
